0 0.157812 0.616667 0.081250 0.229167
0 0.237500 0.617708 0.084375 0.227083
0 0.317188 0.606250 0.081250 0.237500
1 0.492969 0.601042 0.045312 0.231250
1 0.657813 0.577083 0.046875 0.258333
10 0.164062 0.437500 0.106250 0.087500
10 0.728125 0.404167 0.068750 0.075000
10 0.640625 0.414583 0.078125 0.070833
10 0.915625 0.432292 0.137500 0.147917
0 0.393750 0.614583 0.081250 0.237500
8 0.717969 0.619792 0.067187 0.185417
0 0.791406 0.619792 0.073438 0.185417
6 0.869531 0.617708 0.079687 0.185417
8 0.552344 0.601042 0.076563 0.231250
