0 0.230469 0.509375 0.057813 0.152083
0 0.281250 0.497917 0.050000 0.166667
0 0.328125 0.493750 0.050000 0.170833
0 0.385156 0.488542 0.064062 0.172917
1 0.448437 0.481250 0.034375 0.162500
1 0.562500 0.476042 0.043750 0.168750
10 0.733594 0.341667 0.107813 0.087500
10 0.546094 0.350000 0.057813 0.058333
10 0.599219 0.342708 0.048438 0.047917
10 0.231250 0.393750 0.071875 0.041667
7 0.612500 0.490625 0.050000 0.139583
8 0.496875 0.486458 0.059375 0.172917
6 0.665625 0.488542 0.046875 0.143750
5 0.718750 0.481250 0.056250 0.150000
