0 0.358594 0.414583 0.098437 0.241667
0 0.267969 0.418750 0.085938 0.241667
0 0.187500 0.430208 0.090625 0.243750
0 0.097656 0.435417 0.089063 0.254167
0 0.761719 0.395833 0.070312 0.187500
1 0.450781 0.403125 0.042188 0.256250
1 0.614062 0.388542 0.053125 0.239583
10 0.886719 0.194792 0.089063 0.143750
10 0.688281 0.182292 0.079687 0.102083
10 0.596094 0.200000 0.070312 0.087500
10 0.094531 0.254167 0.123438 0.100000
8 0.685156 0.403125 0.073438 0.189583
8 0.518750 0.395833 0.093750 0.245833
5 0.835938 0.392708 0.081250 0.193750
