0 0.596875 0.563542 0.068750 0.181250
0 0.532813 0.566667 0.059375 0.191667
0 0.475000 0.570833 0.059375 0.179167
0 0.414062 0.573958 0.062500 0.181250
0 0.776563 0.551042 0.068750 0.181250
1 0.664844 0.562500 0.045312 0.175000
1 0.848437 0.570833 0.034375 0.141667
10 0.418750 0.438542 0.081250 0.064583
10 0.785156 0.425000 0.054688 0.066667
10 0.835938 0.420833 0.050000 0.058333
10 0.957812 0.434375 0.081250 0.106250
4 0.942187 0.564583 0.046875 0.129167
4 0.892188 0.566667 0.050000 0.137500
8 0.714844 0.550000 0.051562 0.179167
