0 0.355469 0.434375 0.104688 0.268750
0 0.257031 0.436458 0.089063 0.268750
0 0.167969 0.437500 0.092188 0.279167
0 0.071875 0.436458 0.096875 0.268750
1 0.627344 0.436458 0.045312 0.247917
1 0.453125 0.441667 0.046875 0.233333
2 0.763281 0.462500 0.073438 0.187500
10 0.607812 0.253125 0.078125 0.081250
10 0.699219 0.253125 0.082812 0.093750
10 0.867969 0.287500 0.104688 0.133333
10 0.108594 0.237500 0.139063 0.070833
7 0.689063 0.461458 0.078125 0.193750
8 0.522656 0.440625 0.089063 0.243750
9 0.830469 0.468750 0.070312 0.183333
