0 0.144531 0.430208 0.089063 0.252083
0 0.229687 0.429167 0.084375 0.250000
0 0.311719 0.426042 0.082812 0.247917
0 0.395313 0.418750 0.087500 0.241667
1 0.489063 0.419792 0.046875 0.218750
1 0.642188 0.402083 0.059375 0.216667
10 0.629687 0.244792 0.081250 0.077083
10 0.712500 0.237500 0.065625 0.087500
10 0.863281 0.264583 0.104688 0.137500
10 0.146875 0.260417 0.118750 0.079167
7 0.703125 0.438542 0.062500 0.164583
7 0.832812 0.421875 0.068750 0.164583
8 0.548438 0.414583 0.068750 0.229167
9 0.766406 0.428125 0.054688 0.172917
