0 0.506250 0.553125 0.062500 0.177083
0 0.446875 0.548958 0.053125 0.185417
0 0.392188 0.545833 0.053125 0.179167
0 0.340625 0.543750 0.053125 0.183333
1 0.575781 0.557292 0.048438 0.181250
1 0.708594 0.554167 0.045312 0.187500
2 0.898438 0.597917 0.078125 0.154167
10 0.346875 0.425000 0.071875 0.062500
10 0.698438 0.423958 0.059375 0.064583
10 0.767969 0.427083 0.076563 0.062500
10 0.932813 0.443750 0.090625 0.108333
7 0.764062 0.586458 0.059375 0.156250
8 0.630469 0.553125 0.064062 0.189583
6 0.825781 0.591667 0.060937 0.162500
