0 0.391406 0.408333 0.085938 0.233333
0 0.309375 0.412500 0.081250 0.245833
0 0.229687 0.428125 0.087500 0.247917
0 0.138281 0.428125 0.098437 0.243750
0 0.842187 0.404167 0.065625 0.200000
0 0.771094 0.412500 0.067187 0.191667
1 0.486719 0.407292 0.051562 0.218750
1 0.640625 0.395833 0.056250 0.220833
10 0.146094 0.256250 0.114062 0.075000
10 0.626563 0.233333 0.081250 0.087500
10 0.711719 0.220833 0.070312 0.083333
10 0.878906 0.237500 0.101562 0.137500
8 0.551562 0.409375 0.078125 0.239583
8 0.706250 0.415625 0.062500 0.189583
