0 0.192188 0.431250 0.109375 0.266667
0 0.285156 0.430208 0.076563 0.264583
0 0.365625 0.450000 0.084375 0.225000
0 0.446875 0.441667 0.075000 0.216667
1 0.524219 0.444792 0.035937 0.197917
1 0.642188 0.442708 0.046875 0.193750
10 0.214062 0.255208 0.121875 0.085417
10 0.632031 0.301042 0.051562 0.060417
10 0.690625 0.314583 0.062500 0.070833
10 0.785156 0.343750 0.067187 0.079167
7 0.686719 0.470833 0.042188 0.133333
8 0.575781 0.445833 0.057813 0.200000
8 0.727344 0.470833 0.039062 0.133333
9 0.766406 0.471875 0.039062 0.135417
