0 0.496094 0.377083 0.092188 0.208333
0 0.415625 0.364583 0.071875 0.225000
0 0.346094 0.360417 0.070312 0.233333
0 0.270313 0.346875 0.078125 0.218750
1 0.578906 0.395833 0.051562 0.212500
1 0.726562 0.423958 0.056250 0.210417
10 0.288281 0.184375 0.114062 0.081250
10 0.725781 0.261458 0.085938 0.081250
10 0.807031 0.271875 0.070312 0.077083
10 0.949219 0.317708 0.098437 0.122917
7 0.892969 0.445833 0.070312 0.204167
7 0.776563 0.455208 0.053125 0.164583
8 0.634375 0.403125 0.087500 0.235417
6 0.829688 0.459375 0.068750 0.135417
