0 0.703125 0.669792 0.062500 0.177083
0 0.161719 0.664583 0.089063 0.245833
0 0.247656 0.661458 0.079687 0.247917
0 0.326562 0.659375 0.081250 0.247917
0 0.407813 0.656250 0.084375 0.237500
1 0.497656 0.654167 0.042188 0.225000
2 0.629687 0.644792 0.071875 0.231250
2 0.761719 0.668750 0.054688 0.175000
2 0.827344 0.667708 0.073438 0.177083
10 0.636719 0.489583 0.070312 0.075000
10 0.714063 0.484375 0.050000 0.072917
10 0.854688 0.509375 0.093750 0.118750
10 0.175781 0.484375 0.126562 0.072917
8 0.557031 0.650000 0.073438 0.225000
