0 0.378906 0.529167 0.085938 0.245833
0 0.293750 0.522917 0.084375 0.266667
0 0.207813 0.520833 0.081250 0.254167
0 0.127344 0.530208 0.079687 0.256250
1 0.485938 0.516667 0.053125 0.245833
1 0.665625 0.512500 0.046875 0.241667
10 0.640625 0.329167 0.087500 0.095833
10 0.745313 0.313542 0.093750 0.068750
10 0.119531 0.344792 0.151562 0.077083
10 0.955469 0.327083 0.089063 0.125000
8 0.556250 0.521875 0.084375 0.252083
8 0.722656 0.551042 0.067187 0.193750
0 0.805469 0.555208 0.095312 0.202083
7 0.896094 0.550000 0.085938 0.200000
