0 0.412500 0.429167 0.100000 0.279167
0 0.318750 0.434375 0.093750 0.268750
0 0.227344 0.434375 0.095312 0.268750
0 0.128906 0.435417 0.104688 0.266667
1 0.525781 0.430208 0.039062 0.264583
1 0.711719 0.430208 0.045312 0.272917
2 0.856250 0.471875 0.068750 0.202083
2 0.932813 0.477083 0.078125 0.204167
10 0.157031 0.238542 0.126562 0.072917
10 0.688281 0.235417 0.076563 0.091667
10 0.784375 0.231250 0.090625 0.087500
10 0.967969 0.242708 0.064062 0.106250
7 0.779687 0.473958 0.081250 0.202083
8 0.593750 0.431250 0.090625 0.270833
